              precision    recall  f1-score   support

           A       0.94      1.00      0.97        44
           B       1.00      1.00      1.00        42
           C       0.68      0.97      0.80        39
           D       0.85      0.97      0.90        34
           E       0.87      0.87      0.87        47
           F       0.85      0.93      0.89        42
           G       0.88      0.98      0.93        47
           H       1.00      0.95      0.98        65
           I       0.98      0.96      0.97        53
           J       0.87      1.00      0.93        81
           K       1.00      0.88      0.94        67
           L       0.98      1.00      0.99        50
           M       0.97      0.93      0.95        42
           N       1.00      1.00      1.00        39
           O       0.96      0.79      0.87        34
           P       0.98      0.84      0.91        64
           Q       0.98      0.96      0.97        57
           R       0.93      0.96      0.95        54
           S       0.80      0.88      0.84        32
           T       1.00      0.86      0.92        35
           U       1.00      0.84      0.92        64
           V       1.00      0.94      0.97        35
           W       1.00      0.93      0.97        46
           X       0.89      1.00      0.94        40
           Y       1.00      1.00      1.00        40
           Z       0.91      1.00      0.96        43
         del       0.64      0.22      0.33        32
     nothing       0.71      1.00      0.83        20
       space       0.90      1.00      0.95        19

    accuracy                           0.93      1307
   macro avg       0.92      0.92      0.91      1307
weighted avg       0.93      0.93      0.92      1307
