              precision    recall  f1-score   support

           A       0.45      1.00      0.62        44
           B       0.51      1.00      0.68        42
           C       0.69      0.74      0.72        39
           D       1.00      0.09      0.16        34
           E       0.00      0.00      0.00        47
           F       0.22      0.29      0.25        42
           G       0.72      0.72      0.72        47
           H       0.00      0.00      0.00        65
           I       0.00      0.00      0.00        53
           J       0.70      0.96      0.81        81
           K       0.00      0.00      0.00        67
           L       0.53      0.68      0.60        50
           M       0.00      0.00      0.00        42
           N       0.25      0.03      0.05        39
           O       0.00      0.00      0.00        34
           P       0.77      0.80      0.78        64
           Q       1.00      0.39      0.56        57
           R       0.00      0.00      0.00        54
           S       0.12      0.62      0.21        32
           T       0.00      0.00      0.00        35
           U       0.00      0.00      0.00        64
           V       0.00      0.00      0.00        35
           W       0.00      0.00      0.00        46
           X       0.55      0.57      0.56        40
           Y       0.88      0.72      0.79        40
           Z       0.25      0.98      0.40        43
         del       0.07      0.03      0.04        32
     nothing       0.67      1.00      0.80        20
       space       0.05      0.63      0.08        19

    accuracy                           0.38      1307
   macro avg       0.33      0.39      0.30      1307
weighted avg       0.33      0.38      0.31      1307
