              precision    recall  f1-score   support

           A       0.86      0.86      0.86        44
           B       0.41      0.67      0.50        42
           C       0.81      0.56      0.67        39
           D       0.00      0.00      0.00        34
           E       0.48      0.28      0.35        47
           F       0.48      0.26      0.34        42
           G       0.00      0.00      0.00        47
           H       0.17      1.00      0.29        65
           I       0.48      0.62      0.54        53
           J       0.69      0.11      0.19        81
           K       0.30      0.18      0.22        67
           L       0.71      0.10      0.18        50
           M       0.00      0.00      0.00        42
           N       0.00      0.00      0.00        39
           O       1.00      0.03      0.06        34
           P       0.68      0.27      0.38        64
           Q       0.71      0.18      0.28        57
           R       0.25      0.74      0.38        54
           S       0.63      0.38      0.47        32
           T       0.25      0.06      0.09        35
           U       0.40      0.06      0.11        64
           V       0.00      0.00      0.00        35
           W       1.00      0.28      0.44        46
           X       0.07      0.40      0.12        40
           Y       0.33      0.57      0.42        40
           Z       0.39      0.16      0.23        43
         del       0.54      0.59      0.57        32
     nothing       0.00      0.00      0.00        20
       space       1.00      0.05      0.10        19

    accuracy                           0.31      1307
   macro avg       0.44      0.29      0.27      1307
weighted avg       0.44      0.31      0.28      1307
