              precision    recall  f1-score   support

           A       1.00      0.52      0.69        44
           B       0.22      1.00      0.37        42
           C       0.60      0.15      0.24        39
           D       0.00      0.00      0.00        34
           E       0.23      0.15      0.18        47
           F       0.90      0.21      0.35        42
           G       0.00      0.00      0.00        47
           H       0.29      0.88      0.43        65
           I       0.16      0.21      0.18        53
           J       1.00      0.04      0.07        81
           K       0.26      0.13      0.18        67
           L       0.42      0.10      0.16        50
           M       0.00      0.00      0.00        42
           N       0.00      0.00      0.00        39
           O       0.50      0.03      0.06        34
           P       0.50      0.17      0.26        64
           Q       0.29      0.07      0.11        57
           R       0.32      0.31      0.32        54
           S       0.42      0.47      0.44        32
           T       0.00      0.00      0.00        35
           U       0.09      0.02      0.03        64
           V       0.00      0.00      0.00        35
           W       0.80      0.26      0.39        46
           X       0.06      0.65      0.11        40
           Y       0.28      0.53      0.37        40
           Z       0.55      0.14      0.22        43
         del       0.38      0.50      0.43        32
     nothing       0.00      0.00      0.00        20
       space       0.62      0.26      0.37        19

    accuracy                           0.23      1307
   macro avg       0.34      0.23      0.21      1307
weighted avg       0.36      0.23      0.20      1307
